D:\maochinn\NTU\VFX\VFX\Image_Stitching\Images\set3\DSC02241.JPG
6000 4000

8 0 1999.5 
0 8 2999.5 
0 0 1 

-0.991101 -0.0235056 0.131025 
0.0233028 -0.999724 -0.00308079 
0.131061 -3.20939e-008 0.991375 

603.485

D:\maochinn\NTU\VFX\VFX\Image_Stitching\Images\set3\DSC02242.JPG
6000 4000

8 0 1999.5 
0 8 2999.5 
0 0 1 

-0.992619 0.0165572 -0.120143 
-0.0150282 -0.999794 -0.0136212 
-0.120344 -0.011715 0.992663 

603.635

D:\maochinn\NTU\VFX\VFX\Image_Stitching\Images\set3\DSC02243.JPG
6000 4000

8 0 1999.5 
0 8 2999.5 
0 0 1 

-0.905239 0.0678695 -0.419448 
-0.0469282 -0.997091 -0.060057 
-0.422304 -0.034682 0.905791 

603.63

D:\maochinn\NTU\VFX\VFX\Image_Stitching\Images\set3\DSC02244.JPG
6000 4000

8 0 1999.5 
0 8 2999.5 
0 0 1 

-0.746463 0.109953 -0.65628 
-0.0732519 -0.993838 -0.0831899 
-0.661383 -0.0140243 0.749918 

601.882

D:\maochinn\NTU\VFX\VFX\Image_Stitching\Images\set3\DSC02245.JPG
6000 4000

8 0 1999.5 
0 8 2999.5 
0 0 1 

-0.541332 0.145305 -0.828159 
-0.105732 -0.9889 -0.104396 
-0.834135 0.0310502 0.550686 

599.301

D:\maochinn\NTU\VFX\VFX\Image_Stitching\Images\set3\DSC02246.JPG
6000 4000

8 0 1999.5 
0 8 2999.5 
0 0 1 

-0.249628 0.158162 -0.955338 
-0.0952874 -0.985795 -0.138306 
-0.963642 0.0565066 0.261153 

598.978

D:\maochinn\NTU\VFX\VFX\Image_Stitching\Images\set3\DSC02247.JPG
6000 4000

8 0 1999.5 
0 8 2999.5 
0 0 1 

0.000715675 0.160405 -0.987051 
-0.116225 -0.980349 -0.1594 
-0.993223 0.114834 0.0179414 

598.849

D:\maochinn\NTU\VFX\VFX\Image_Stitching\Images\set3\DSC02248.JPG
6000 4000

8 0 1999.5 
0 8 2999.5 
0 0 1 

0.252989 0.155624 -0.954871 
-0.131982 -0.972199 -0.193416 
-0.958424 0.174958 -0.225416 

599.788

D:\maochinn\NTU\VFX\VFX\Image_Stitching\Images\set3\DSC02249.JPG
6000 4000

8 0 1999.5 
0 8 2999.5 
0 0 1 

0.54624 0.138558 -0.82609 
-0.119571 -0.963225 -0.240624 
-0.829051 0.230215 -0.509584 

600.579

D:\maochinn\NTU\VFX\VFX\Image_Stitching\Images\set3\DSC02250.JPG
6000 4000

8 0 1999.5 
0 8 2999.5 
0 0 1 

0.751621 0.107081 -0.650846 
-0.0832501 -0.963443 -0.254652 
-0.654321 0.245584 -0.715229 

600.278

D:\maochinn\NTU\VFX\VFX\Image_Stitching\Images\set3\DSC02251.JPG
6000 4000

8 0 1999.5 
0 8 2999.5 
0 0 1 

0.901604 0.066497 -0.427421 
-0.0561157 -0.961783 -0.268002 
-0.428907 0.265617 -0.863416 

601.601

D:\maochinn\NTU\VFX\VFX\Image_Stitching\Images\set3\DSC02252.JPG
6000 4000

8 0 1999.5 
0 8 2999.5 
0 0 1 

0.985136 0.0137304 -0.171225 
-0.0396977 -0.951618 -0.304709 
-0.167124 0.306977 -0.936928 

602.2

D:\maochinn\NTU\VFX\VFX\Image_Stitching\Images\set3\DSC02253.JPG
6000 4000

8 0 1999.5 
0 8 2999.5 
0 0 1 

0.998121 -0.0174009 0.0587561 
0.000678706 -0.955637 -0.294546 
0.0612748 0.294032 -0.95383 

603.347

D:\maochinn\NTU\VFX\VFX\Image_Stitching\Images\set3\DSC02254.JPG
6000 4000

8 0 1999.5 
0 8 2999.5 
0 0 1 

0.94768 -0.0540013 0.314623 
0.0371311 -0.960251 -0.276659 
0.317057 0.273866 -0.908005 

604.12

D:\maochinn\NTU\VFX\VFX\Image_Stitching\Images\set3\DSC02255.JPG
6000 4000

8 0 1999.5 
0 8 2999.5 
0 0 1 

0.846012 -0.102748 0.52317 
0.0516106 -0.960865 -0.272167 
0.53066 0.257258 -0.8076 

603.637

D:\maochinn\NTU\VFX\VFX\Image_Stitching\Images\set3\DSC02257.JPG
6000 4000

8 0 1999.5 
0 8 2999.5 
0 0 1 

0.664185 -0.118821 0.738065 
0.0914349 -0.966963 -0.237954 
0.741956 0.22553 -0.631378 

604.108

D:\maochinn\NTU\VFX\VFX\Image_Stitching\Images\set3\DSC02258.JPG
6000 4000

8 0 1999.5 
0 8 2999.5 
0 0 1 

0.402325 -0.144892 0.903959 
0.116652 -0.971235 -0.207594 
0.908035 0.188969 -0.37385 

603.377

D:\maochinn\NTU\VFX\VFX\Image_Stitching\Images\set3\DSC02259.JPG
6000 4000

8 0 1999.5 
0 8 2999.5 
0 0 1 

0.160269 -0.152687 0.975193 
0.128338 -0.976354 -0.173961 
0.978695 0.153035 -0.136883 

602.075

D:\maochinn\NTU\VFX\VFX\Image_Stitching\Images\set3\DSC02260.JPG
6000 4000

8 0 1999.5 
0 8 2999.5 
0 0 1 

-0.105918 -0.146378 0.983542 
0.123399 -0.983395 -0.133067 
0.986688 0.107274 0.122222 

602.165

D:\maochinn\NTU\VFX\VFX\Image_Stitching\Images\set3\DSC02261.JPG
6000 4000

8 0 1999.5 
0 8 2999.5 
0 0 1 

-0.355424 -0.131326 0.925434 
0.111468 -0.98897 -0.0975311 
0.928035 0.0684915 0.366143 

602.962

D:\maochinn\NTU\VFX\VFX\Image_Stitching\Images\set3\DSC02262.JPG
6000 4000

8 0 1999.5 
0 8 2999.5 
0 0 1 

-0.646679 -0.0962221 0.75667 
0.0828404 -0.995003 -0.0557313 
0.758251 0.0266425 0.651419 

602.443

D:\maochinn\NTU\VFX\VFX\Image_Stitching\Images\set3\DSC02263.JPG
6000 4000

8 0 1999.5 
0 8 2999.5 
0 0 1 

-0.841545 -0.0635925 0.536431 
0.0543339 -0.997975 -0.033069 
0.537447 0.00131728 0.843296 

601.83

D:\maochinn\NTU\VFX\VFX\Image_Stitching\Images\set3\DSC02240.JPG
6000 4000

8 0 1999.5 
0 8 2999.5 
0 0 1 

-0.911687 -0.0724246 0.404453 
0.0623506 -0.997329 -0.0380437 
0.406127 -0.00946603 0.913768 

603.536

