D:\maochinn\NTU\VFX\VFX\Image_Stitching\Images\set1\DSC02194.JPG
6000 4000

8 0 1999.5 
0 8 2999.5 
0 0 1 

0.981275 -0.0105971 -0.192321 
0.0103992 0.999944 -0.00203815 
0.192332 6.4486e-011 0.98133 

730.35

D:\maochinn\NTU\VFX\VFX\Image_Stitching\Images\set1\DSC02195.JPG
6000 4000

8 0 1999.5 
0 8 2999.5 
0 0 1 

0.878048 -0.0339311 -0.477368 
0.0331514 0.9994 -0.0100599 
0.477423 -0.00699236 0.878646 

730.846

D:\maochinn\NTU\VFX\VFX\Image_Stitching\Images\set1\DSC02196.JPG
6000 4000

8 0 1999.5 
0 8 2999.5 
0 0 1 

0.678372 -0.0722453 -0.731158 
0.0600596 0.997276 -0.0428167 
0.73226 -0.0148673 0.680863 

730.139

D:\maochinn\NTU\VFX\VFX\Image_Stitching\Images\set1\DSC02197.JPG
6000 4000

8 0 1999.5 
0 8 2999.5 
0 0 1 

0.396476 -0.0828665 -0.914298 
0.0654492 0.995935 -0.0618842 
0.915709 -0.0353044 0.400287 

728.388

D:\maochinn\NTU\VFX\VFX\Image_Stitching\Images\set1\DSC02198.JPG
6000 4000

8 0 1999.5 
0 8 2999.5 
0 0 1 

0.0706082 -0.0890488 -0.993521 
0.0636263 0.994381 -0.084604 
0.995473 -0.0572402 0.0758771 

726.529

D:\maochinn\NTU\VFX\VFX\Image_Stitching\Images\set1\DSC02199.JPG
6000 4000

8 0 1999.5 
0 8 2999.5 
0 0 1 

-0.260099 -0.126067 -0.957317 
0.0424938 0.988985 -0.141783 
0.964647 -0.0775575 -0.251877 

722.536

D:\maochinn\NTU\VFX\VFX\Image_Stitching\Images\set1\DSC02200.JPG
6000 4000

8 0 1999.5 
0 8 2999.5 
0 0 1 

-0.553653 -0.114554 -0.824831 
0.016309 0.988811 -0.148275 
0.832587 -0.095545 -0.545591 

721.135

D:\maochinn\NTU\VFX\VFX\Image_Stitching\Images\set1\DSC02201.JPG
6000 4000

8 0 1999.5 
0 8 2999.5 
0 0 1 

-0.743575 -0.0553485 -0.666358 
0.0318587 0.992503 -0.117989 
0.667893 -0.108963 -0.736238 

721.656

D:\maochinn\NTU\VFX\VFX\Image_Stitching\Images\set1\DSC02202.JPG
6000 4000

8 0 1999.5 
0 8 2999.5 
0 0 1 

-0.87827 -0.0680379 -0.473299 
-0.00361215 0.99074 -0.135718 
0.478151 -0.117488 -0.870384 

722.449

D:\maochinn\NTU\VFX\VFX\Image_Stitching\Images\set1\DSC02203.JPG
6000 4000

8 0 1999.5 
0 8 2999.5 
0 0 1 

-0.987441 -0.0361584 -0.153797 
-0.0165178 0.99175 -0.127114 
0.157124 -0.122977 -0.979892 

723.034

D:\maochinn\NTU\VFX\VFX\Image_Stitching\Images\set1\DSC02204.JPG
6000 4000

8 0 1999.5 
0 8 2999.5 
0 0 1 

-0.98467 0.00234196 0.174412 
-0.0186779 0.992745 -0.118779 
-0.173425 -0.120216 -0.977482 

723.459

D:\maochinn\NTU\VFX\VFX\Image_Stitching\Images\set1\DSC02205.JPG
6000 4000

8 0 1999.5 
0 8 2999.5 
0 0 1 

-0.887401 0.0191901 0.460599 
-0.0350553 0.993431 -0.108928 
-0.459663 -0.112809 -0.880899 

723.347

D:\maochinn\NTU\VFX\VFX\Image_Stitching\Images\set1\DSC02206.JPG
6000 4000

8 0 1999.5 
0 8 2999.5 
0 0 1 

-0.73364 0.0109448 0.67945 
-0.0634195 0.994403 -0.0844958 
-0.676572 -0.10508 -0.72884 

722.792

D:\maochinn\NTU\VFX\VFX\Image_Stitching\Images\set1\DSC02207.JPG
6000 4000

8 0 1999.5 
0 8 2999.5 
0 0 1 

-0.489993 0.0459203 0.870516 
-0.049864 0.9955 -0.0805805 
-0.870299 -0.0828912 -0.485498 

723.182

D:\maochinn\NTU\VFX\VFX\Image_Stitching\Images\set1\DSC02208.JPG
6000 4000

8 0 1999.5 
0 8 2999.5 
0 0 1 

-0.195859 0.0138337 0.980535 
-0.0574413 0.998022 -0.0255541 
-0.978948 -0.0613281 -0.194677 

724.286

D:\maochinn\NTU\VFX\VFX\Image_Stitching\Images\set1\DSC02209.JPG
6000 4000

8 0 1999.5 
0 8 2999.5 
0 0 1 

0.0539728 0.0294305 0.998109 
-0.0420721 0.998745 -0.0271742 
-0.997656 -0.0405258 0.0551431 

725.379

D:\maochinn\NTU\VFX\VFX\Image_Stitching\Images\set1\DSC02210.JPG
6000 4000

8 0 1999.5 
0 8 2999.5 
0 0 1 

0.365705 0.0319087 0.930184 
-0.0334823 0.999216 -0.021113 
-0.930128 -0.0234235 0.366487 

726.466

D:\maochinn\NTU\VFX\VFX\Image_Stitching\Images\set1\DSC02211.JPG
6000 4000

8 0 1999.5 
0 8 2999.5 
0 0 1 

0.674165 0.045647 0.737169 
-0.0333469 0.998952 -0.0313603 
-0.737828 -0.00344027 0.67498 

725.571

D:\maochinn\NTU\VFX\VFX\Image_Stitching\Images\set1\DSC02212.JPG
6000 4000

8 0 1999.5 
0 8 2999.5 
0 0 1 

0.84858 0.0314819 0.52813 
-0.0209357 0.999444 -0.0259382 
-0.528653 0.0109538 0.848767 

726.297

D:\maochinn\NTU\VFX\VFX\Image_Stitching\Images\set1\DSC02213.JPG
6000 4000

8 0 1999.5 
0 8 2999.5 
0 0 1 

0.966325 -0.00670386 0.257236 
0.0111323 0.999814 -0.0157629 
-0.257083 0.0180958 0.96622 

727.461

D:\maochinn\NTU\VFX\VFX\Image_Stitching\Images\set1\DSC02214.JPG
6000 4000

8 0 1999.5 
0 8 2999.5 
0 0 1 

0.995143 -0.0362233 -0.0915356 
0.0345581 0.999208 -0.0197129 
0.0921772 0.0164539 0.995607 

729.03

D:\maochinn\NTU\VFX\VFX\Image_Stitching\Images\set1\DSC02193.JPG
6000 4000

8 0 1999.5 
0 8 2999.5 
0 0 1 

0.940138 -0.0103272 -0.340639 
0.00558966 0.999874 -0.0148863 
0.340749 0.0120911 0.940076 

730.266

