D:\maochinn\NTU\VFX\VFX\Image_Stitching\Images\set2\DSC02217.JPG
6000 4000

8 0 1999.5 
0 8 2999.5 
0 0 1 

0.168578 0.535691 0.827416 
-0.106945 0.844414 -0.524907 
-0.979869 3.77123e-009 0.199639 

630.768

D:\maochinn\NTU\VFX\VFX\Image_Stitching\Images\set2\DSC02218.JPG
6000 4000

8 0 1999.5 
0 8 2999.5 
0 0 1 

0.435958 0.489178 0.755411 
-0.0852361 0.858046 -0.50645 
-0.895921 0.156403 0.415768 

631.193

D:\maochinn\NTU\VFX\VFX\Image_Stitching\Images\set2\DSC02219.JPG
6000 4000

8 0 1999.5 
0 8 2999.5 
0 0 1 

0.645371 0.401299 0.649966 
-0.0418334 0.868177 -0.494488 
-0.762723 0.291938 0.577084 

630.993

D:\maochinn\NTU\VFX\VFX\Image_Stitching\Images\set2\DSC02220.JPG
6000 4000

8 0 1999.5 
0 8 2999.5 
0 0 1 

0.843792 0.281996 0.456611 
-0.0226137 0.868748 -0.494738 
-0.536194 0.40713 0.73942 

631.247

D:\maochinn\NTU\VFX\VFX\Image_Stitching\Images\set2\DSC02221.JPG
6000 4000

8 0 1999.5 
0 8 2999.5 
0 0 1 

0.955382 0.15317 0.252555 
-0.012525 0.875277 -0.48346 
-0.295107 0.458725 0.838143 

631.953

D:\maochinn\NTU\VFX\VFX\Image_Stitching\Images\set2\DSC02222.JPG
6000 4000

8 0 1999.5 
0 8 2999.5 
0 0 1 

0.999841 0.00742432 0.0162359 
0.000841821 0.888809 -0.458277 
-0.0178327 0.458217 0.888661 

632.563

D:\maochinn\NTU\VFX\VFX\Image_Stitching\Images\set2\DSC02224.JPG
6000 4000

8 0 1999.5 
0 8 2999.5 
0 0 1 

0.969276 -0.146856 -0.197329 
0.0380102 0.882006 -0.469703 
0.243024 0.447771 0.860488 

633.305

D:\maochinn\NTU\VFX\VFX\Image_Stitching\Images\set2\DSC02225.JPG
6000 4000

8 0 1999.5 
0 8 2999.5 
0 0 1 

0.842873 -0.303537 -0.444332 
0.0587685 0.872708 -0.484693 
0.534894 0.382422 0.75342 

632.961

D:\maochinn\NTU\VFX\VFX\Image_Stitching\Images\set2\DSC02226.JPG
6000 4000

8 0 1999.5 
0 8 2999.5 
0 0 1 

0.633855 -0.432451 -0.64126 
0.0609058 0.854421 -0.515999 
0.77105 0.288012 0.567918 

630.041

D:\maochinn\NTU\VFX\VFX\Image_Stitching\Images\set2\DSC02227.JPG
6000 4000

8 0 1999.5 
0 8 2999.5 
0 0 1 

0.390115 -0.513143 -0.764523 
0.0699079 0.844421 -0.531098 
0.918109 0.153743 0.365294 

629.693

D:\maochinn\NTU\VFX\VFX\Image_Stitching\Images\set2\DSC02228.JPG
6000 4000

8 0 1999.5 
0 8 2999.5 
0 0 1 

0.125598 -0.542406 -0.830675 
0.0881148 0.840095 -0.535234 
0.988161 -0.00597046 0.153308 

630.701

D:\maochinn\NTU\VFX\VFX\Image_Stitching\Images\set2\DSC02230.JPG
6000 4000

8 0 1999.5 
0 8 2999.5 
0 0 1 

-0.143267 -0.537071 -0.831282 
0.0978715 0.828141 -0.551909 
0.984833 -0.160429 -0.0660818 

630.089

D:\maochinn\NTU\VFX\VFX\Image_Stitching\Images\set2\DSC02231.JPG
6000 4000

8 0 1999.5 
0 8 2999.5 
0 0 1 

-0.403751 -0.509951 -0.759563 
0.0781801 0.807974 -0.584009 
0.911523 -0.295177 -0.286352 

629.418

D:\maochinn\NTU\VFX\VFX\Image_Stitching\Images\set2\DSC02232.JPG
6000 4000

8 0 1999.5 
0 8 2999.5 
0 0 1 

-0.629791 -0.442792 -0.6382 
0.0412359 0.801395 -0.596712 
0.77567 -0.40212 -0.486453 

627.906

D:\maochinn\NTU\VFX\VFX\Image_Stitching\Images\set2\DSC02233.JPG
6000 4000

8 0 1999.5 
0 8 2999.5 
0 0 1 

-0.821863 -0.330017 -0.464361 
0.0315094 0.787536 -0.615462 
0.568814 -0.520457 -0.636848 

629.454

D:\maochinn\NTU\VFX\VFX\Image_Stitching\Images\set2\DSC02234.JPG
6000 4000

8 0 1999.5 
0 8 2999.5 
0 0 1 

-0.945201 -0.191511 -0.264423 
0.0139607 0.785447 -0.618771 
0.326191 -0.588555 -0.739732 

631.206

D:\maochinn\NTU\VFX\VFX\Image_Stitching\Images\set2\DSC02235.JPG
6000 4000

8 0 1999.5 
0 8 2999.5 
0 0 1 

-0.999015 -0.0311278 -0.0316224 
-0.00483969 0.784845 -0.619674 
0.0441077 -0.61891 -0.784222 

632.027

D:\maochinn\NTU\VFX\VFX\Image_Stitching\Images\set2\DSC02236.JPG
6000 4000

8 0 1999.5 
0 8 2999.5 
0 0 1 

-0.961996 0.134429 0.237681 
-0.0419492 0.787339 -0.615092 
-0.269822 -0.601687 -0.751778 

630.672

D:\maochinn\NTU\VFX\VFX\Image_Stitching\Images\set2\DSC02237.JPG
6000 4000

8 0 1999.5 
0 8 2999.5 
0 0 1 

-0.815004 0.30914 0.490104 
-0.0660626 0.790714 -0.60861 
-0.575678 -0.528397 -0.624013 

628.929

D:\maochinn\NTU\VFX\VFX\Image_Stitching\Images\set2\DSC02238.JPG
6000 4000

8 0 1999.5 
0 8 2999.5 
0 0 1 

-0.602684 0.437344 0.66746 
-0.0588161 0.809816 -0.583729 
-0.79581 -0.391061 -0.46234 

628.022

D:\maochinn\NTU\VFX\VFX\Image_Stitching\Images\set2\DSC02239.JPG
6000 4000

8 0 1999.5 
0 8 2999.5 
0 0 1 

-0.229689 0.5273 0.818045 
-0.0598461 0.831274 -0.552631 
-0.971422 -0.17589 -0.159378 

628.765

D:\maochinn\NTU\VFX\VFX\Image_Stitching\Images\set2\DSC02216.JPG
6000 4000

8 0 1999.5 
0 8 2999.5 
0 0 1 

-0.116296 0.547068 0.82897 
-0.0838332 0.826248 -0.557033 
-0.98967 -0.134276 -0.050227 

630.193

